Max value (1.1851851851851853) reached at index 34, ie for
x1 = 0.6666666666666666
x2 = 1.3333333333333335
