Max value (1.6873721655472487) reached at CartesianIndex(34, 67), ie for
x1 = 0.49748743718592964
x2 = 0.9949748743718593
x3 = 1.507537688442211
